0.0 0
0.005 0
0.01 0
0.015 0
0.02 0
0.025 0
0.03 0
0.035 0
0.04 0
0.045 0
0.05 0
0.055 0
0.06 0
0.065 0
0.07 0
0.075 0
0.08 0
0.085 0
0.09 0
0.095 0
0.1 0
0.105 0
0.11 0
0.115 0
0.12 0
0.125 0
0.13 0
0.135 0
0.14 0
0.145 0
0.15 0
0.155 0
0.16 0
0.165 0
0.17 0
0.175 0
0.18 0
0.185 0
0.19 0
0.195 0
0.2 0
0.205 0
0.21 0
0.215 0
0.22 0
0.225 0
0.23 0
0.235 0
0.24 0
0.245 0
0.25 0
0.255 0
0.26 0
0.265 0
0.27 0
0.275 0
0.28 0
0.285 0
0.29 0
0.295 0
0.3 0
0.305 0
0.31 0
0.315 0
0.32 0
0.325 0
0.33 1
0.335 1
0.34 1
0.345 1
0.35 1
0.355 2
0.36 2
0.365 3
0.37 4
0.375 4
0.38 5
0.385 6
0.39 8
0.395 9
0.4 11
0.405 12
0.41 15
0.415 17
0.42 20
0.425 23
0.43 29
0.435 31
0.44 35
0.445 40
0.45 46
0.455 49
0.46 58
0.465 64
0.47 71
0.475 74
0.48 82
0.485 90
0.49 98
0.495 101
0.5 112
0.505 116
0.51 123
0.515 130
0.52 131
0.525 139
0.53 143
0.535 143
0.54 147
0.545 149
0.55 146
0.555 150
0.56 147
0.565 145
0.57 144
0.575 141
0.58 134
0.585 131
0.59 124
0.595 118
0.6 113
0.605 106
0.61 99
0.615 89
0.62 85
0.625 77
0.63 67
0.635 62
0.64 58
0.645 50
0.65 44
0.655 39
0.66 34
0.665 29
0.67 26
0.675 21
0.68 18
0.685 16
0.69 13
0.695 10
0.7 8
0.705 7
0.71 6
0.715 4
0.72 3
0.725 3
0.73 2
0.735 2
0.74 1
0.745 1
0.75 1
0.755 1
0.76 0
0.765 0
0.77 0
0.775 0
0.78 0
0.785 0
0.79 0
0.795 0
0.8 0
0.805 0
0.81 0
0.815 0
0.82 0
0.825 0
0.83 0
0.835 0
0.84 0
0.845 0
0.85 0
0.855 0
0.86 0
0.865 0
0.87 0
0.875 0
0.88 0
0.885 0
0.89 0
0.895 0
0.9 0
0.905 0
0.91 0
0.915 0
0.92 0
0.925 0
0.93 0
0.935 0
0.94 0
0.945 0
0.95 0
0.955 0
0.96 0
0.965 0
0.97 0
0.975 0
0.98 0
0.985 0
0.99 0
0.995 0
